0 0.034999999999999996 0.766830985915493 0.06375 0.29295774647887324
0 0.116171875 0.7286384976525822 0.06453125 0.2635211267605634
0 0.1663125 0.5267370892018779 0.041999999999999996 0.15549295774647887
0 0.18321875 0.6839671361502347 0.055437499999999994 0.21640845070422535
0 0.24707812499999998 0.6841079812206573 0.055140625 0.24244131455399062
0 0.29871875000000003 0.6526760563380282 0.04815625 0.2131924882629108
0 0.345390625 0.6331690140845071 0.04259375 0.2052112676056338
0 0.223875 0.502605633802817 0.041453125 0.1561737089201878
0 0.27184375 0.49122065727699527 0.030656250000000003 0.14889671361502346
0 0.30857812500000004 0.4834037558685446 0.033546875 0.13068075117370892
0 0.336828125 0.4766431924882629 0.024625 0.11974178403755868
0 0.38859374999999996 0.6135446009389671 0.04378125 0.19183098591549297
0 0.42485937500000004 0.5966197183098592 0.038859375 0.17866197183098592
0 0.456359375 0.5734741784037559 0.034703125 0.14788732394366197
0 0.482921875 0.5443427230046948 0.030953124999999998 0.11030516431924883
0 0.5104062500000001 0.5610093896713615 0.029171875000000003 0.15401408450704226
0 0.5367031250000001 0.5502582159624413 0.026671875 0.14544600938967137
0 0.55840625 0.5392253521126761 0.0270625 0.13368544600938967
0 0.575171875 0.5279812206572769 0.0220625 0.12553990610328639