0 0.02034375 0.5007221006564552 0.029203125000000003 0.08216630196936542
0 0.046796875 0.49859956236323855 0.02996875 0.08056892778993435
0 0.07290624999999999 0.49256017505470456 0.02853125 0.08192560175054704
0 0.09903125 0.4900875273522976 0.029921874999999997 0.08100656455142233
0 0.025140625 0.62527352297593 0.027296874999999998 0.07098468271334792
0 0.05178125 0.6205908096280088 0.026703125 0.07505470459518598
0 0.07740625 0.6165645514223195 0.0243125 0.07236323851203501
0 0.103421875 0.612035010940919 0.026875 0.07269146608315098
0 0.005984375 0.7709628008752735 0.01196875 0.08065645514223195
0 0.025374999999999998 0.7668052516411379 0.026828125 0.08308533916849015
0 0.05215625 0.7604814004376368 0.028828125 0.0811378555798687
0 0.08003125 0.7535229759299782 0.026750000000000003 0.08334792122538294
0 0.10484374999999999 0.7488402625820569 0.026921875 0.08201312910284463
0 0.130078125 0.7436105032822756 0.027234374999999998 0.0836542669584245
0 0.161109375 0.48083150984682715 0.024531249999999998 0.07321663019693654
0 0.17759375 0.4838730853391685 0.021265625 0.07393873085339168
0 0.192046875 0.48798687089715537 0.023015625 0.07547045951859957
0 0.21081249999999999 0.49277899343544856 0.025718750000000002 0.07564551422319475
0 0.234875 0.4903938730853392 0.026453125 0.0735667396061269
0 0.25584375000000004 0.48741794310722103 0.023796875000000002 0.07564551422319475
0 0.2780625 0.48420131291028445 0.024375 0.07326039387308533
0 0.297375 0.48304157549234134 0.0211875 0.0736323851203501
0 0.31848437500000004 0.4801531728665208 0.023015625 0.07455142231947484
0 0.20220312499999998 0.7538730853391684 0.029859375 0.08402625820568928
0 0.181296875 0.7490809628008752 0.018703125 0.07312910284463896
0 0.145234375 0.6100218818380744 0.01840625 0.07807439824945295
0 0.155203125 0.6157768052516412 0.021046875 0.08019693654266959
0 0.17053125 0.6208533916849016 0.021046875 0.07689277899343545
0 0.188140625 0.6257330415754923 0.027000000000000003 0.07592997811816193
0 0.21365625000000002 0.6242013129102845 0.025796875000000004 0.08091903719912472
0 0.23781249999999998 0.6196061269146609 0.025359375 0.07842450765864334
0 0.262640625 0.6160612691466084 0.02553125 0.07671772428884027
0 0.2823125 0.6123413566739606 0.024484375 0.07733041575492342
0 0.30660937499999996 0.6058424507658643 0.025703125 0.0737417943107221
0 0.325203125 0.6 0.02109375 0.07275711159737418
0 0.34096875 0.6070678336980306 0.0240625 0.07617067833698031
0 0.36184375 0.6052297592997812 0.025406250000000002 0.07787746170678338
0 0.38289062500000004 0.6015536105032824 0.01875 0.07452954048140044
0 0.228609375 0.7497374179431072 0.02365625 0.08115973741794312
0 0.250421875 0.7441137855579869 0.02409375 0.08463894967177243
0 0.165359375 0.9702844638949673 0.028984375 0.05943107221006565
0 0.1341875 0.9743107221006564 0.033359375000000004 0.05137855579868709
0 0.11192187499999999 0.9699562363238512 0.027125 0.060087527352297596
0 0.09265625 0.9635886214442013 0.0283125 0.07284463894967177
0 0.06314062499999999 0.9511816192560175 0.027953125000000002 0.0963238512035011
0 0.08125 0.9582056892778993 0.026578125 0.08356673960612691
0 0.045156249999999995 0.9397592997811817 0.024046875000000002 0.09091903719912472
0 0.029281249999999998 0.9305251641137856 0.02225 0.08989059080962801
0 0.01771875 0.9202844638949672 0.021421875 0.09085339168490154
0 0.00440625 0.9086652078774616 0.008796875 0.08776805251641137
0 0.1940625 0.965929978118162 0.028578125 0.06814004376367615
0 0.21984374999999998 0.9591466083150985 0.030671874999999998 0.0814004376367615
0 0.24925000000000003 0.9574617067833698 0.03028125 0.08474835886214441
0 0.2749375 0.9476805251641137 0.028718749999999998 0.09065645514223195
0 0.301359375 0.9386870897155362 0.031406250000000004 0.09013129102844639
0 0.327640625 0.9318380743982495 0.029625000000000002 0.0911597374179431
0 0.353375 0.9250328227571116 0.0260625 0.08426695842450765
0 0.40071874999999996 0.6056017505470459 0.022625 0.07144420131291028
0 0.416203125 0.611378555798687 0.02284375 0.07328227571115974
0 0.43200000000000005 0.6164113785557986 0.025203125 0.07658643326039387
0 0.45053124999999994 0.6230634573304158 0.023484375 0.07531728665207878
0 0.467515625 0.6282494529540482 0.024171875000000002 0.07693654266958423
0 0.48793749999999997 0.6350765864332605 0.024203125 0.08089715536105033
0 0.51 0.6300656455142232 0.024453125 0.07962800875273524
0 0.5315937500000001 0.6233260393873086 0.02078125 0.07971553610503282
0 0.549296875 0.6160612691466084 0.021406249999999998 0.07588621444201313
0 0.270109375 0.752582056892779 0.023953125 0.08203501094091904
0 0.28585937499999997 0.7590590809628008 0.025718750000000002 0.08039387308533917
0 0.30228125 0.7670021881838074 0.0268125 0.08074398249452953
0 0.31620312500000003 0.7736761487964989 0.023921875000000002 0.08148796498905908
0 0.332328125 0.784070021881838 0.024921875 0.08676148796498906
0 0.353125 0.7931072210065645 0.027703125000000002 0.08636761487964989
0 0.37515624999999997 0.7846389496717724 0.02590625 0.0849671772428884
0 0.402125 0.7805251641137856 0.027421875000000002 0.082582056892779
0 0.42595312500000004 0.7745514223194749 0.026203125 0.08323851203501094
0 0.45142187500000003 0.7605908096280087 0.027234374999999998 0.08153172866520787
0 0.47104687500000003 0.7548140043763676 0.022640625 0.07969365426695843
0 0.494140625 0.7528227571115974 0.02496875 0.0688840262582057
0 0.5151875 0.7458205689277899 0.021703125 0.06945295404814004
0 0.5306093749999999 0.7415317286652079 0.01928125 0.061838074398249454
0 0.550765625 0.734223194748359 0.021921875 0.0637417943107221
0 0.672828125 0.5579868708971554 0.025828125 0.07207877461706783
0 0.6959531250000001 0.5586433260393874 0.028546875 0.07234135667396062
0 0.717953125 0.5641137855579869 0.023390625 0.07564551422319475
0 0.736953125 0.5655361050328227 0.025796875000000004 0.07518599562363239
0 0.75884375 0.5688621444201314 0.025515624999999997 0.07643326039387309
0 0.78025 0.5706783369803063 0.029343750000000002 0.07678336980306347
0 0.801109375 0.5799781181619257 0.024140625 0.08343544857768054
0 0.8198281250000001 0.5833041575492341 0.020890625 0.07919037199124726
0 0.8402968749999999 0.6014223194748359 0.021140625 0.05557986870897155
0 0.8364843750000001 0.7192778993435448 0.0225625 0.07910284463894966
0 0.8174374999999999 0.7183150984682712 0.02178125 0.08262582056892778
0 0.7982812499999999 0.6985557986870897 0.017359375 0.05177242888402626
0 0.778453125 0.6927571115973741 0.025171875 0.05544857768052516
0 0.75553125 0.6872647702407002 0.022828124999999998 0.04663019693654267
0 0.7339687500000001 0.6828446389496717 0.02321875 0.047592997811816196
0 0.7107812499999999 0.681312910284464 0.02375 0.05540481400437637
0 0.691515625 0.6827133479212254 0.024203125 0.06365426695842451
0 0.667828125 0.6803938730853392 0.028828125 0.069890590809628
0 0.88534375 0.8561706783369802 0.021968750000000002 0.07754923413566739
0 0.8670781249999999 0.8535448577680526 0.016515625 0.0788402625820569
0 0.85078125 0.8531072210065646 0.017265625 0.06706783369803063
0 0.81421875 0.780765864332604 0.024359375 0.09978118161925602
0 0.7959375 0.7847702407002188 0.02284375 0.10124726477024071
0 0.774125 0.7916411378555798 0.028375 0.10411378555798687
0 0.751625 0.7933260393873086 0.025203125 0.10312910284463896
0 0.732 0.7992122538293217 0.02946875 0.10400437636761488
0 0.7048281249999999 0.7980962800875274 0.033328125 0.10070021881838075
0 0.6754374999999999 0.7911816192560175 0.036140624999999996 0.10426695842450766
0 0.64728125 0.7810065645514224 0.03575 0.1024507658643326
0 0.61790625 0.7717505470459518 0.03465625 0.09805251641137856
0 0.40317187499999996 0.8838512035010941 0.044203124999999996 0.0900875273522976
0 0.42642187500000006 0.904507658643326 0.044687500000000005 0.10050328227571116
0 0.451453125 0.9157986870897155 0.047343750000000004 0.09354485776805252
0 0.474203125 0.930831509846827 0.051703125 0.10347921225382932
0 0.49728125 0.9468708971553611 0.044875 0.10065645514223195
0 0.5255468750000001 0.9526477024070023 0.044921875 0.09472647702407001
0 0.559046875 0.9492778993435449 0.034499999999999996 0.10144420131291028
0 0.606796875 0.9370021881838074 0.04353125 0.09700218818380743
0 0.632765625 0.9479868708971554 0.045265625 0.0974835886214442
0 0.6643125000000001 0.9549890590809628 0.039734375 0.0900218818380744
0 0.6949687499999999 0.9600218818380745 0.044578125 0.0799562363238512
0 0.725875 0.958512035010941 0.026875 0.08227571115973742
0 0.74884375 0.9539824945295405 0.028890624999999996 0.08936542669584246
0 0.7700781250000001 0.9501969365426696 0.029546875 0.09792122538293217
0 0.789203125 0.9549890590809628 0.045 0.0900218818380744
0 0.8215937500000001 0.9613566739606126 0.043515625 0.07726477024070022
0 0.8564375 0.9684245076586433 0.039984375 0.06317286652078775