0 0.5488593749999999 0.7116041666666667 0.035312500000000004 0.14766666666666667
0 0.07146875 0.7755624999999999 0.048203125 0.11833333333333333
0 0.26371875 0.6296041666666666 0.034187499999999996 0.07233333333333333
0 0.395515625 0.5857291666666666 0.027296874999999998 0.10389583333333333
0 0.4225 0.49543750000000003 0.02065625 0.046187500000000006
0 0.47146875 0.46860416666666665 0.017046875 0.0403125
0 0.516109375 0.4797708333333333 0.015875 0.07175
0 0.6209687500000001 0.482375 0.01759375 0.06899999999999999
0 0.6057812499999999 0.47127083333333336 0.010906250000000001 0.03995833333333333
0 0.59446875 0.49672916666666667 0.014265625 0.060145833333333336
0 0.5736875 0.5317708333333333 0.021703125 0.08018750000000001
0 0.562609375 0.5940208333333333 0.025265625000000003 0.10454166666666667
0 0.5081875 0.9217916666666667 0.055359375 0.15641666666666668