0 0.319125 0.22857758620689655 0.043937500000000004 0.11127155172413794
0 0.361859375 0.2170258620689655 0.040921875 0.11564655172413793
0 0.38992187500000003 0.2111637931034483 0.040984375 0.12112068965517242
0 0.42604687500000005 0.20648706896551725 0.048453125 0.1254956896551724
0 0.46107812499999995 0.20109913793103448 0.049984375 0.13877155172413794
0 0.5057343750000001 0.20674568965517243 0.04584375 0.1311853448275862
0 0.547078125 0.2159698275862069 0.043796875 0.12898706896551723
0 0.5873125 0.21788793103448276 0.04578125 0.12767241379310346
0 0.627375 0.22252155172413793 0.0399375 0.12836206896551725
0 0.6661406249999999 0.22823275862068967 0.043953124999999996 0.11571120689655172
0 0.8076874999999999 0.2410560344827586 0.035546875 0.10870689655172414
0 0.776328125 0.24523706896551725 0.0371875 0.1015948275862069
0 0.81365625 0.3858189655172414 0.0348125 0.11467672413793104
0 0.782171875 0.3879310344827586 0.03796875 0.11545258620689655
0 0.8628125000000001 0.5866163793103448 0.1233125 0.09176724137931035
0 0.860625 0.7068965517241379 0.11770312499999999 0.07799568965517241
0 0.918203125 0.7692025862068966 0.069921875 0.11530172413793104
0 0.8307656250000001 0.7782758620689655 0.06539062500000001 0.08344827586206896
0 0.471140625 0.3523491379310345 0.032078125 0.07696120689655173
0 0.507640625 0.3846336206896552 0.042546875 0.13980603448275863
0 0.54840625 0.3849784482758621 0.040749999999999995 0.1353448275862069
0 0.65821875 0.3845258620689655 0.032937499999999995 0.12754310344827585
0 0.75171875 0.3872198275862069 0.02784375 0.1209051724137931